0 9 10 14 5 2 13 9 1 5 7 11 1 0 9 7 
13 7 10 14 10 8 11 8 3 12 3 3 12 7 5 13 
9 11 7 12 1 4 4 5 0 3 13 10 1 0 2 13 
3 8 7 4 13 5 2 5 0 10 3 3 9 8 12 9 
14 10 9 6 0 4 11 4 4 12 10 12 0 9 6 1 
10 6 3 7 6 7 10 10 11 1 8 1 6 3 8 4 
12 8 12 6 14 1 13 13 3 5 2 5 9 5 8 12 
12 0 13 14 14 13 8 4 5 1 1 10 11 10 10 12 
13 7 4 12 2 2 6 6 2 6 3 7 5 3 5 8 
6 13 12 10 12 4 11 1 0 14 12 11 14 11 0 14 
0 8 1 11 0 9 10 2 7 6 14 11 9 9 0 0 
14 0 4 11 14 6 11 9 12 6 13 11 4 5 8 5 
6 4 7 8 9 6 9 7 4 8 11 8 14 5 2 2 
2 2 5 4 9 3 2 14 2 13 13 7 7 6 10 3 
7 13 1 1 11 3 2 14 8 1 1 14 2 0 4 3 