9 7 1 11 15 2 3 9 8 7 11 15 1 13 11 4 9 
13 8 7 4 8 1 3 15 0 12 11 4 13 7 1 6 15 
2 0 5 12 2 12 13 1 10 4 1 7 15 0 13 5 4 
3 14 2 13 9 5 6 14 3 6 11 4 1 10 13 13 0 
11 9 0 10 4 15 9 6 8 1 9 15 12 3 3 5 0 
14 11 11 15 6 3 12 4 6 4 8 3 13 2 4 7 8 
14 8 10 10 7 4 15 7 0 0 3 14 14 11 4 7 15 
3 8 7 0 3 14 5 0 14 4 1 14 10 8 14 8 1 
7 9 5 6 14 11 10 1 2 0 8 9 7 13 9 5 1 
13 12 5 15 12 11 1 13 5 15 10 2 12 6 0 11 14 
3 1 0 14 2 8 9 8 0 6 7 5 6 12 0 2 10 
14 2 3 15 12 4 4 15 13 12 11 2 9 10 12 6 2 
7 2 9 12 3 3 6 11 4 10 15 15 12 0 8 8 3 
5 9 10 2 7 14 0 11 3 12 6 5 9 10 10 5 1 
7 9 5 7 6 9 6 11 11 15 1 14 6 10 1 5 2 
4 8 10 13 6 2 8 13 5 12 12 10 13 13 2 14 5 