0 16 1 1 5 2 15 3 5 13 6 12 12 15 14 5 13 11 
14 16 8 11 13 8 3 6 4 10 10 13 16 8 12 11 15 9 
3 3 15 6 15 14 8 1 5 5 1 0 9 5 4 8 7 1 
14 6 6 4 0 15 4 9 3 14 9 4 11 4 6 5 14 4 
10 0 7 2 1 1 6 9 6 2 6 5 11 4 5 2 2 2 
8 0 6 7 5 2 7 16 2 14 12 9 3 16 3 4 14 0 
12 11 12 5 13 12 13 5 12 11 1 12 16 11 2 16 8 8 
13 7 11 16 3 13 4 15 8 6 16 10 8 6 0 3 3 9 
13 3 10 10 7 1 11 2 1 3 12 9 13 7 14 1 1 14 
2 3 15 4 13 14 16 4 6 12 7 12 7 8 8 1 0 14 
3 7 4 0 10 10 15 15 9 1 8 4 7 3 11 15 1 16 
8 10 8 10 5 14 0 16 12 14 9 14 8 4 15 10 0 11 
6 13 9 12 9 9 6 14 2 15 15 2 7 9 15 16 11 1 
3 11 7 11 12 10 6 7 7 14 16 11 5 4 1 9 13 16 
13 10 9 2 16 7 2 16 0 0 5 10 4 16 15 2 13 10 
4 10 2 12 0 7 11 6 14 13 13 6 10 0 0 5 12 0 
0 5 9 13 7 1 12 15 3 10 8 5 2 11 3 15 9 8 