12 3 13 11 6 6 2 5 17 11 14 10 12 15 15 0 9 14 5 
16 8 1 4 1 17 6 10 2 11 9 5 1 5 1 6 10 3 1 
3 3 14 10 11 17 4 16 8 15 13 14 10 7 7 15 11 0 2 
8 0 1 10 9 11 7 4 4 16 16 14 15 5 17 15 17 0 15 
14 0 13 12 3 17 4 1 8 2 4 7 13 5 3 12 17 4 3 
2 6 5 8 11 2 11 16 5 11 17 2 7 14 7 2 8 16 7 
13 8 17 9 10 8 8 16 11 6 10 11 2 2 16 7 17 16 9 
0 12 14 2 12 6 11 1 14 16 0 14 0 1 9 8 7 12 1 
3 10 16 5 0 7 0 10 2 0 13 10 13 17 5 12 14 13 17 
8 12 6 12 11 5 13 6 16 2 6 9 3 16 7 0 0 17 15 
8 4 13 1 1 1 10 4 5 2 2 7 15 13 0 15 1 0 16 
6 17 9 10 11 13 14 0 13 3 7 10 15 3 14 8 12 4 5 
9 15 8 10 6 5 11 3 6 12 3 17 0 6 2 6 5 13 15 
1 4 16 12 16 7 7 1 6 1 14 14 6 6 3 12 9 4 7 
15 6 3 12 8 10 3 7 4 3 16 14 12 2 17 9 8 14 0 
5 1 13 15 12 8 2 1 4 12 3 3 5 4 7 14 4 16 7 
4 16 4 9 4 17 5 13 9 15 9 2 9 8 17 14 9 15 15 
11 12 5 9 11 9 9 13 13 10 10 13 10 17 0 15 8 11 11 