3 13 6 8 19 4 8 1 8 7 1 20 3 4 20 3 15 11 2 4 4 17 
12 14 19 1 16 17 14 18 15 3 2 14 7 0 17 2 4 9 18 18 17 17 
0 9 12 1 8 3 17 10 8 6 0 5 3 15 10 8 18 10 5 19 3 4 
9 13 20 8 11 11 0 0 16 7 18 11 15 15 19 10 8 7 19 7 19 10 
4 12 4 0 18 10 15 14 4 5 9 4 12 18 19 17 12 15 11 8 17 6 
6 14 12 1 14 10 11 17 5 13 13 19 4 10 1 11 10 9 19 7 9 11 
14 16 11 10 13 14 7 18 0 0 16 6 7 2 3 8 8 1 13 16 19 8 
8 3 18 17 7 17 11 2 9 7 2 20 3 10 15 14 1 3 0 4 5 2 
9 1 17 3 3 15 11 15 15 11 2 19 2 4 6 14 18 9 1 20 16 20 
19 5 5 0 11 10 16 19 20 11 19 12 1 9 14 18 0 12 3 17 5 4 
6 15 16 17 16 19 3 11 3 18 13 12 20 20 1 17 11 13 4 10 9 7 
12 9 8 20 20 13 8 7 4 9 12 13 15 3 0 14 2 19 5 15 0 12 
12 16 0 19 0 12 5 2 13 18 20 10 15 1 9 15 19 12 14 0 2 18 
2 7 10 20 16 14 8 14 3 13 8 18 16 0 12 0 3 2 10 6 9 16 
16 12 0 17 4 10 11 8 17 10 16 4 18 13 4 14 9 16 6 0 5 8 
15 6 7 0 20 6 7 11 18 20 6 17 5 16 13 17 19 7 2 10 13 12 
20 9 2 18 7 19 11 14 2 13 6 3 15 16 6 20 13 17 9 10 1 9 
7 18 18 4 10 14 13 7 6 14 7 5 1 5 20 1 16 12 2 3 11 17 
8 15 15 11 14 4 2 13 6 16 12 1 11 13 0 20 2 14 20 6 3 5 
2 2 12 1 1 6 13 19 9 9 6 1 12 6 5 5 17 18 6 9 6 13 
8 20 5 15 18 5 8 10 14 16 7 7 19 5 5 5 1 20 1 4 15 16 
